# pcall(function()
    repeat wait() until game:IsLoaded()
    repeat wait() until game:GetService("Players")
    repeat wait() until game:GetService("Players").LocalPlayer
    repeat wait() until game:GetService("Players").LocalPlayer.PlayerGui
    repeat wait() until game:GetService("ReplicatedStorage").Effect.Container

    if not game:IsLoaded() then
        local Loaded = Instance.new("Message",workspace)
        Loaded.Text = 'Wait Game Loading'
        game.Loaded:Wait()
        Loaded:Destroy()
        task.wait(10)
    end

    repeat wait()
        if game.Players.LocalPlayer.Team == nil and game:GetService("Players")["LocalPlayer"].PlayerGui.Main.ChooseTeam.Visible == true then
            
                game:GetService("Players")["LocalPlayer"].PlayerGui.Main.ChooseTeam.Container.Pirates.Frame.ViewportFrame.TextButton.Size = UDim2.new(0, 10000, 0, 10000)
                game:GetService("Players")["LocalPlayer"].PlayerGui.Main.ChooseTeam.Container.Pirates.Frame.ViewportFrame.TextButton.Position = UDim2.new(-4, 0, -5, 0)
                game:GetService("Players")["LocalPlayer"].PlayerGui.Main.ChooseTeam.Container.Pirates.Frame.ViewportFrame.TextButton.BackgroundTransparency = 1
                wait(.5)
                game:service'VirtualInputManager':SendMouseButtonEvent(500,500, 0, true, game, 1)
                game:service'VirtualInputManager':SendMouseButtonEvent(500,500, 0, false, game, 1)
        end    
        
    until game.Players.LocalPlayer.Team ~= nil and game:IsLoaded()
    if game.PlaceId == 2753915549 then
        W = true
    elseif game.PlaceId == 4442272183 then
        W2 = true
    elseif game.PlaceId == 7449423635 then
        W3 = true
    end
    function topos(Pos)
        Distance = (Pos.Position - game.Players.LocalPlayer.Character.HumanoidRootPart.Position).Magnitude
        if game.Players.LocalPlayer.Character.Humanoid.Sit == true then game.Players.LocalPlayer.Character.Humanoid.Sit = false end
        pcall(function() tween = game:GetService("TweenService"):Create(game.Players.LocalPlayer.Character.HumanoidRootPart,TweenInfo.new(Distance/210, Enum.EasingStyle.Linear),{CFrame = Pos}) end)
        tween:Play()
        if Distance <= 250 then
            tween:Cancel()
            game.Players.LocalPlayer.Character.HumanoidRootPart.CFrame = Pos
        end
       
    end
    function ByPass(Position)
        game.Players.LocalPlayer.Character.Humanoid:ChangeState(15)
        game.Players.LocalPlayer.Character.HumanoidRootPart.CFrame = Position
        game:GetService("ReplicatedStorage").Remotes.CommF_:InvokeServer("SetSpawnPoint")

    end
    --------------------
    getgenv().farm = true
    _G.kill = true
    _G.equip = false
    _G.saber = false
    farm = false
    equip = false
    function CheckQuest() 
        Level = game:GetService("Players").LocalPlayer.Data.Level.Value
        if W then
            if Level == 1 or Level <= 9 then
                Mon = "Bandit [Lv. 5]"
                LQuest = 1
                NQuest = "BanditQuest1"
                NameMon = "Bandit"
                CFrameQuest = CFrame.new(1059.75586, 16.3627472, 1548.59851, -0.987375617, 1.39881342e-08, 0.158396393, 2.30001458e-08, 1, 5.50621735e-08, -0.158396393, 5.80101869e-08, -0.987375617)
                CFramemon = CFrame.new(1037.43994140625, 80.64015197753906, 1594.4931640625)
                if getgenv().farm and (CFrameQuest.Position - game.Players.LocalPlayer.Character.HumanoidRootPart.Position).Magnitude > 1200 then
                    ByPass(CFrameQuest)
                end
            elseif Level == 10 or Level <= 14 then
                Mon = "Monkey [Lv. 14]"
                LQuest = 1
                NQuest = "JungleQuest"
                NameMon = "Monkey"
                CFrameQuest = CFrame.new(-1598.08911, 35.5501175, 153.377838, 0, 0, 1, 0, 1, -0, -1, 0, 0)
                CFramemon = CFrame.new(-1631.551513671875, 37.97154235839844, 131.1148223876953)
                if getgenv().farm and (CFrameQuest.Position - game.Players.LocalPlayer.Character.HumanoidRootPart.Position).Magnitude > 1200 then
                    ByPass(CFrameQuest)
                end
            elseif Level == 15 or Level <= 19 then
                Mon = "Gorilla [Lv. 20]"
                LQuest = 2
                NQuest = "JungleQuest"
                NameMon = "Gorilla"
                CFrameQuest = CFrame.new(-1598.08911, 35.5501175, 153.377838, 0, 0, 1, 0, 1, -0, -1, 0, 0)
                CFramemon = CFrame.new(-1201.2413330078125, 7.6906514167785645, -447.7992248535156)
                if getgenv().farm and (CFrameQuest.Position - game.Players.LocalPlayer.Character.HumanoidRootPart.Position).Magnitude > 1200 then
                    ByPass(CFrameQuest)
                end
            elseif Level == 20 or Level <= 59 then
                Mon = "God's Guard [Lv. 450]"
                LQuest = 1
                NQuest = "SkyExp1Quest"
                NameMon = "God's Guard"
                CFrameQuest = CFrame.new(-4721.88867, 843.874695, -1949.96643, 0.996191859, -0, -0.0871884301, 0, 1, -0, 0.0871884301, 0, 0.996191859)
                CFramemon = CFrame.new(-4624.54150390625, 866.9027709960938, -1940.4219970703125)
                for i,v in pairs(game:GetService("Players").LocalPlayer.PlayerGui.Main:GetChildren()) do
                    if v.Name == "Quest" then
                    v.Visible = true
                    end
                    
                
                end
                for i,v in pairs(game:GetService("Players").LocalPlayer.PlayerGui.Main.Quest.Container.QuestTitle:GetChildren()) do
                    if v.Name == "Title" then
                        v.Text = "God's Guard"
                    end
                
                
                
                end
                if getgenv().farm and (CFramemon.Position - game.Players.LocalPlayer.Character.HumanoidRootPart.Position).Magnitude > 1200 then
                    ByPass(CFramemon)
                end
            elseif Level == 60 or Level <= 149 then
                game:GetService("ReplicatedStorage").Remotes.CommF_:InvokeServer("AbandonQuest")
                while wait() do
                    if _G.start and _G.kill then
                        farm = false
                        if game:GetService("Players").LocalPlayer.PlayerGui.Main.Quest.Visible == false then
                            game:GetService("ReplicatedStorage").Remotes.CommF_:InvokeServer("PlayerHunter")
                            game:GetService("ReplicatedStorage").Remotes.CommF_:InvokeServer("EnablePvp")
                        elseif game:GetService("Players").LocalPlayer.PlayerGui.Main.Quest.Visible == true then  
                            for i,v in pairs(game:GetService("Players"):GetChildren()) do
                                if  string.find(game:GetService("Players").LocalPlayer.PlayerGui.Main.Quest.Container.QuestTitle.Title.Text,v.Name) then
                                    repeat wait(.1)
                                        topos(game.Players[v.Name].Character.HumanoidRootPart.CFrame * CFrame.new(0,0,10))
                                        game:GetService("ReplicatedStorage").Remotes.CommF_:InvokeServer("EnablePvp")
                                        game:GetService("VirtualInputManager"):SendKeyEvent(true,120,false,game.Players.LocalPlayer.Character.HumanoidRootPart)
                                        game:GetService("VirtualInputManager"):SendKeyEvent(false,120,false,game.Players.LocalPlayer.Character.HumanoidRootPart)
                                    until game.Players[v.Name].Character.Humanoid.Health >= 0 or game:GetService("Players").LocalPlayer.PlayerGui.Main.Quest.Visible == false
                                end
                            end 
                        end    
                    end
                end    
            elseif Level == 150 or Level <= 174 then
                Mon = "Sky Bandit [Lv. 150]"
                LQuest = 1
                NQuest = "SkyQuest"
                NameMon = "Sky Bandit"
                CFrameQuest = CFrame.new(-4839.53027, 716.368591, -2619.44165, 0.866007268, 0, 0.500031412, 0, 1, 0, -0.500031412, 0, 0.866007268)
                CFramemon = CFrame.new(-4955.0029296875, 358.6697998046875, -2906.887451171875)
                if getgenv().farm and (CFrameQuest.Position - game.Players.LocalPlayer.Character.HumanoidRootPart.Position).Magnitude > 1200 then
                    ByPass(CFrameQuest)
                end
            elseif Level == 175 or Level <= 189 then
                Mon = "Dark Master [Lv. 175]"
                LQuest = 2
                NQuest = "SkyQuest"
                NameMon = "Dark Master"
                CFrameQuest = CFrame.new(-4839.53027, 716.368591, -2619.44165, 0.866007268, 0, 0.500031412, 0, 1, 0, -0.500031412, 0, 0.866007268)
                CFramemon = CFrame.new(-5226.1923828125, 429.4580078125, -2280.237548828125)
                if getgenv().farm and (CFrameQuest.Position - game.Players.LocalPlayer.Character.HumanoidRootPart.Position).Magnitude > 1200 then
                    ByPass(CFrameQuest)
                end
            elseif Level == 190 or Level <= 209 then
                Mon = "Prisoner [Lv. 190]"
                LQuest = 1
                NQuest = "PrisonerQuest"
                NameMon = "Prisoner"
                CFrameQuest = CFrame.new(5308.93115, 1.65517521, 475.120514, -0.0894274712, -5.00292918e-09, -0.995993316, 1.60817859e-09, 1, -5.16744869e-09, 0.995993316, -2.06384709e-09, -0.0894274712)
                CFramemon = CFrame.new(5297.5810546875, 72.65214538574219, 360.3554382324219)
                if getgenv().farm and (CFrameQuest.Position - game.Players.LocalPlayer.Character.HumanoidRootPart.Position).Magnitude > 1200 then
                    ByPass(CFrameQuest)
                end
            elseif Level == 210 or Level <= 249 then
                Mon = "Prisoner [Lv. 190]"
                LQuest = 1
                NQuest = "PrisonerQuest"
                NameMon = "Prisoner"
                CFrameQuest = CFrame.new(5308.93115, 1.65517521, 475.120514, -0.0894274712, -5.00292918e-09, -0.995993316, 1.60817859e-09, 1, -5.16744869e-09, 0.995993316, -2.06384709e-09, -0.0894274712)
                CFramemon = CFrame.new(5297.5810546875, 72.65214538574219, 360.3554382324219)
                if getgenv().farm and (CFrameQuest.Position - game.Players.LocalPlayer.Character.HumanoidRootPart.Position).Magnitude > 1200 then
                    ByPass(CFrameQuest)
                end
            elseif Level == 250 or Level <= 274 then
                Mon = "Toga Warrior [Lv. 250]"
                LQuest = 1
                NQuest = "ColosseumQuest"
                NameMon = "Toga Warrior"
                CFrameQuest = CFrame.new(-1580.04663, 6.35000277, -2986.47534, -0.515037298, 0, -0.857167721, 0, 1, 0, 0.857167721, 0, -0.515037298)
                CFramemon = CFrame.new(-1776.0101318359375, 43.565528869628906, -2735.54931640625)
                if getgenv().farm and (CFrameQuest.Position - game.Players.LocalPlayer.Character.HumanoidRootPart.Position).Magnitude > 1200 then
                    ByPass(CFrameQuest)
                end
            elseif Level == 275 or Level <= 299 then
                Mon = "Gladiator [Lv. 275]"
                LQuest = 2
                NQuest = "ColosseumQuest"
                NameMon = "Gladiator"
                CFrameQuest = CFrame.new(-1580.04663, 6.35000277, -2986.47534, -0.515037298, 0, -0.857167721, 0, 1, 0, 0.857167721, 0, -0.515037298)
                CFramemon = CFrame.new(-1330.1435546875, 58.61536407470703, -3229.501708984375)
                if getgenv().farm and (CFrameQuest.Position - game.Players.LocalPlayer.Character.HumanoidRootPart.Position).Magnitude > 1200 then
                    ByPass(CFrameQuest)
                end
            elseif Level == 300 or Level <= 324 then
                Mon = "Military Soldier [Lv. 300]"
                LQuest = 1
                NQuest = "MagmaQuest"
                NameMon = "Military Soldier"
                CFrameQuest = CFrame.new(-5313.37012, 10.9500084, 8515.29395, -0.499959469, 0, 0.866048813, 0, 1, 0, -0.866048813, 0, -0.499959469)
                CFramemon = CFrame.new(-5423.5283203125, 10.413415908813477, 8440.9404296875)
                if getgenv().farm and (CFrameQuest.Position - game.Players.LocalPlayer.Character.HumanoidRootPart.Position).Magnitude > 1200 then
                    ByPass(CFrameQuest)
                end
            elseif Level == 325 or Level <= 374 then
                Mon = "Military Spy [Lv. 325]"
                LQuest = 2
                NQuest = "MagmaQuest"
                NameMon = "Military Spy"
                CFrameQuest = CFrame.new(-5313.37012, 10.9500084, 8515.29395, -0.499959469, 0, 0.866048813, 0, 1, 0, -0.866048813, 0, -0.499959469)
                CFramemon = CFrame.new(-5775.0439453125, 119.1070327758789, 8813.14453125)
                if getgenv().farm and (CFrameQuest.Position - game.Players.LocalPlayer.Character.HumanoidRootPart.Position).Magnitude > 1200 then
                    ByPass(CFrameQuest)
                end
            elseif Level == 375 or Level <= 399 then
                Mon = "Fishman Warrior [Lv. 375]"
                LQuest = 1
                NQuest = "FishmanQuest"
                NameMon = "Fishman Warrior"
                CFrameQuest = CFrame.new(61122.65234375, 18.497442245483, 1569.3997802734)
                CFramemon = CFrame.new(60947.69140625, 48.673519134521484, 1551.0787353515625)
                if getgenv().farm and (CFrameQuest.Position - game.Players.LocalPlayer.Character.HumanoidRootPart.Position).Magnitude > 1200 then
                    game:GetService("ReplicatedStorage").Remotes.CommF_:InvokeServer("requestEntrance",Vector3.new(61163.8515625, 11.6796875, 1819.7841796875))
                end
            elseif Level == 400 or Level <= 449 then
                Mon = "Fishman Commando [Lv. 400]"
                LQuest = 2
                NQuest = "FishmanQuest"
                NameMon = "Fishman Commando"
                CFrameQuest = CFrame.new(61122.65234375, 18.497442245483, 1569.3997802734)
                CFramemon = CFrame.new(61890.03515625, 75.47235107421875, 1397.786865234375)
                if getgenv().farm and (CFrameQuest.Position - game.Players.LocalPlayer.Character.HumanoidRootPart.Position).Magnitude > 1200 then
                    game:GetService("ReplicatedStorage").Remotes.CommF_:InvokeServer("requestEntrance",Vector3.new(61163.8515625, 11.6796875, 1819.7841796875))
                end
            elseif Level == 450 or Level <= 474 then
                Mon = "God's Guard [Lv. 450]"
                LQuest = 1
                NQuest = "SkyExp1Quest"
                NameMon = "God's Guard"
                CFrameQuest = CFrame.new(-4721.88867, 843.874695, -1949.96643, 0.996191859, -0, -0.0871884301, 0, 1, -0, 0.0871884301, 0, 0.996191859)
                CFramemon = CFrame.new(-4624.54150390625, 866.9027709960938, -1940.4219970703125)
                if getgenv().farm and (CFrameQuest.Position - game.Players.LocalPlayer.Character.HumanoidRootPart.Position).Magnitude > 1200 then
                    ByPass(CFrameQuest)
                end
            elseif Level == 475 or Level <= 524 then
                Mon = "Shanda [Lv. 475]"
                LQuest = 2
                NQuest = "SkyExp1Quest"
                NameMon = "Shanda"
                CFrameQuest = CFrame.new(-7859.09814, 5544.19043, -381.476196, -0.422592998, 0, 0.906319618, 0, 1, 0, -0.906319618, 0, -0.422592998)
                CFramemon = CFrame.new(-7687.546875, 5600.83740234375, -440.55242919921875)
                if getgenv().farm and (CFrameQuest.Position - game.Players.LocalPlayer.Character.HumanoidRootPart.Position).Magnitude > 1200 then
                    ByPass(CFrameQuest)
                end
            elseif Level == 525 or Level <= 549 then
                Mon = "Royal Squad [Lv. 525]"
                LQuest = 1
                NQuest = "SkyExp2Quest"
                NameMon = "Royal Squad"
                CFrameQuest = CFrame.new(-7906.81592, 5634.6626, -1411.99194, 0, 0, -1, 0, 1, 0, 1, 0, 0)
                CFramemon = CFrame.new(-7632.59716796875, 5637.08056640625, -1404.517822265625)
                if getgenv().farm and (CFrameQuest.Position - game.Players.LocalPlayer.Character.HumanoidRootPart.Position).Magnitude > 1200 then
                    ByPass(CFrameQuest)
                end
            elseif Level == 550 or Level <= 624 then
                Mon = "Royal Soldier [Lv. 550]"
                LQuest = 2
                NQuest = "SkyExp2Quest"
                NameMon = "Royal Soldier"
                CFrameQuest = CFrame.new(-7906.81592, 5634.6626, -1411.99194, 0, 0, -1, 0, 1, 0, 1, 0, 0)
                CFramemon = CFrame.new(-7834.904296875, 5680.8173828125, -1791.9239501953125)
                if getgenv().farm and (CFrameQuest.Position - game.Players.LocalPlayer.Character.HumanoidRootPart.Position).Magnitude > 1200 then
                    ByPass(CFrameQuest)
                end
            elseif Level == 625 or Level <= 649 then
                Mon = "Galley Pirate [Lv. 625]"
                LQuest = 1
                NQuest = "FountainQuest"
                NameMon = "Galley Pirate"
                CFrameQuest = CFrame.new(5259.81982, 37.3500175, 4050.0293, 0.087131381, 0, 0.996196866, 0, 1, 0, -0.996196866, 0, 0.087131381)
                CFramemon = CFrame.new(5550.33837890625, 78.90135192871094, 3923.0048828125)
                if getgenv().farm and (CFrameQuest.Position - game.Players.LocalPlayer.Character.HumanoidRootPart.Position).Magnitude > 1200 then
                    ByPass(CFrameQuest)
                end
            elseif Level >= 650 then
                Mon = "Galley Captain [Lv. 650]"
                LQuest = 2
                NQuest = "FountainQuest"
                NameMon = "Galley Captain"
                CFrameQuest = CFrame.new(5259.81982, 37.3500175, 4050.0293, 0.087131381, 0, 0.996196866, 0, 1, 0, -0.996196866, 0, 0.087131381)
                CFramemon = CFrame.new(5780.630859375, 115.52667999267578, 4800.859375)
                if getgenv().farm and (CFrameQuest.Position - game.Players.LocalPlayer.Character.HumanoidRootPart.Position).Magnitude > 1200 then
                    ByPass(CFrameQuest)
                end
            end
        elseif W2 then
            if Level == 700 or Level <= 724 then
                Mon = "Raider [Lv. 700]"
                LQuest = 1
                NQuest = "Area1Quest"
                NameMon = "Raider"
                CFrameQuest = CFrame.new(-429.543518, 71.7699966, 1836.18188, -0.22495985, 0, -0.974368095, 0, 1, 0, 0.974368095, 0, -0.22495985)
                CFramemon = CFrame.new(-653.7174072265625, 39.135799407958984, 2387.494384765625)
                if getgenv().farm and (CFrameQuest.Position - game.Players.LocalPlayer.Character.HumanoidRootPart.Position).Magnitude > 1200 then
                    ByPass(CFrameQuest)
                end
            elseif Level == 725 or Level <= 774 then
                Mon = "Mercenary [Lv. 725]"
                LQuest = 2
                NQuest = "Area1Quest"
                NameMon = "Mercenary"
                CFrameQuest = CFrame.new(-429.543518, 71.7699966, 1836.18188, -0.22495985, 0, -0.974368095, 0, 1, 0, 0.974368095, 0, -0.22495985)
                CFramemon = CFrame.new(-959.2958984375, 80.63091278076172, 1690.692626953125)
                if getgenv().farm and (CFrameQuest.Position - game.Players.LocalPlayer.Character.HumanoidRootPart.Position).Magnitude > 1200 then
                    ByPass(CFrameQuest)
                end
            elseif Level == 775 or Level <= 799 then
                Mon = "Swan Pirate [Lv. 775]"
                LQuest = 1
                NQuest = "Area2Quest"
                NameMon = "Swan Pirate"
                CFrameQuest = CFrame.new(638.43811, 71.769989, 918.282898, 0.139203906, 0, 0.99026376, 0, 1, 0, -0.99026376, 0, 0.139203906)
                CFramemon = CFrame.new(965.701904296875, 141.96263122558594, 1216.7733154296875)
                if getgenv().farm and (CFrameQuest.Position - game.Players.LocalPlayer.Character.HumanoidRootPart.Position).Magnitude > 1200 then
                    ByPass(CFrameQuest)
                end
            elseif Level == 800 or Level <= 874 then
                Mon = "Factory Staff [Lv. 800]"
                NQuest = "Area2Quest"
                LQuest = 2
                NameMon = "Factory Staff"
                CFrameQuest = CFrame.new(632.698608, 73.1055908, 918.666321, -0.0319722369, 8.96074881e-10, -0.999488771, 1.36326533e-10, 1, 8.92172336e-10, 0.999488771, -1.07732087e-10, -0.0319722369)
                CFramemon = CFrame.new(729.8469848632812, 118.41995239257812, -30.045679092407227)
                if getgenv().farm and (CFrameQuest.Position - game.Players.LocalPlayer.Character.HumanoidRootPart.Position).Magnitude > 1200 then
                    ByPass(CFrameQuest)
                end
            elseif Level == 875 or Level <= 899 then
                Mon = "Marine Lieutenant [Lv. 875]"
                LQuest = 1
                NQuest = "MarineQuest3"
                NameMon = "Marine Lieutenant"
                CFrameQuest = CFrame.new(-2440.79639, 71.7140732, -3216.06812, 0.866007268, 0, 0.500031412, 0, 1, 0, -0.500031412, 0, 0.866007268)
                CFramemon = CFrame.new(-3181.96728515625, 161.1638641357422, -2923.768310546875)
                if getgenv().farm and (CFrameQuest.Position - game.Players.LocalPlayer.Character.HumanoidRootPart.Position).Magnitude > 1200 then
                    ByPass(CFrameQuest)
                end
            elseif Level == 900 or Level <= 949 then
                Mon = "Marine Captain [Lv. 900]"
                LQuest = 2
                NQuest = "MarineQuest3"
                NameMon = "Marine Captain"
                CFrameQuest = CFrame.new(-2440.79639, 71.7140732, -3216.06812, 0.866007268, 0, 0.500031412, 0, 1, 0, -0.500031412, 0, 0.866007268)
                CFramemon = CFrame.new(-1767.8397216796875, 99.89533233642578, -3166.265380859375)
                if getgenv().farm and (CFrameQuest.Position - game.Players.LocalPlayer.Character.HumanoidRootPart.Position).Magnitude > 1200 then
                    ByPass(CFrameQuest)
                end
            elseif Level == 950 or Level <= 974 then
                Mon = "Zombie [Lv. 950]"
                LQuest = 1
                NQuest = "ZombieQuest"
                NameMon = "Zombie"
                CFrameQuest = CFrame.new(-5497.06152, 47.5923004, -795.237061, -0.29242146, 0, -0.95628953, 0, 1, 0, 0.95628953, 0, -0.29242146)
                CFramemon = CFrame.new(-5541.1748046875, 98.90672302246094, -785.064697265625)
                if getgenv().farm and (CFrameQuest.Position - game.Players.LocalPlayer.Character.HumanoidRootPart.Position).Magnitude > 1200 then
                    ByPass(CFrameQuest)
                end
            elseif Level == 975 or Level <= 999 then
                Mon = "Vampire [Lv. 975]"
                LQuest = 2
                NQuest = "ZombieQuest"
                NameMon = "Vampire"
                CFrameQuest = CFrame.new(-5497.06152, 47.5923004, -795.237061, -0.29242146, 0, -0.95628953, 0, 1, 0, 0.95628953, 0, -0.29242146)
                CFramemon = CFrame.new(-6041.71533203125, 6.3987135887146, -1328.632568359375)
                if getgenv().farm and (CFrameQuest.Position - game.Players.LocalPlayer.Character.HumanoidRootPart.Position).Magnitude > 1200 then
                    ByPass(CFrameQuest)
                end
            elseif Level == 1000 or Level <= 1049 then
                Mon = "Snow Trooper [Lv. 1000]"
                LQuest = 1
                NQuest = "SnowMountainQuest"
                NameMon = "Snow Trooper"
                CFrameQuest = CFrame.new(609.858826, 400.119904, -5372.25928, -0.374604106, 0, 0.92718488, 0, 1, 0, -0.92718488, 0, -0.374604106)
                CFramemon = CFrame.new(545.2506103515625, 428.0561218261719, -5561.25830078125)
                if getgenv().farm and (CFrameQuest.Position - game.Players.LocalPlayer.Character.HumanoidRootPart.Position).Magnitude > 1200 then
                    ByPass(CFrameQuest)
                end
            elseif Level == 1050 or Level <= 1099 then
                Mon = "Winter Warrior [Lv. 1050]"
                LQuest = 2
                NQuest = "SnowMountainQuest"
                NameMon = "Winter Warrior"
                CFrameQuest = CFrame.new(609.858826, 400.119904, -5372.25928, -0.374604106, 0, 0.92718488, 0, 1, 0, -0.92718488, 0, -0.374604106)
                CFramemon = CFrame.new(1320.4791259765625, 429.4178771972656, -5298.9267578125)
                if getgenv().farm and (CFrameQuest.Position - game.Players.LocalPlayer.Character.HumanoidRootPart.Position).Magnitude > 1200 then
                    ByPass(CFrameQuest)
                end
            elseif Level == 1100 or Level <= 1124 then
                Mon = "Lab Subordinate [Lv. 1100]"
                LQuest = 1
                NQuest = "IceSideQuest"
                NameMon = "Lab Subordinate"
                CFrameQuest = CFrame.new(-6064.06885, 15.2422857, -4902.97852, 0.453972578, -0, -0.891015649, 0, 1, -0, 0.891015649, 0, 0.453972578)
                CFramemon = CFrame.new(-5777.20703125, 42.40324020385742, -4481.55126953125)
                if getgenv().farm and (CFrameQuest.Position - game.Players.LocalPlayer.Character.HumanoidRootPart.Position).Magnitude > 1200 then
                    ByPass(CFrameQuest)
                end
            elseif Level == 1125 or Level <= 1174 then
                Mon = "Horned Warrior [Lv. 1125]"
                LQuest = 2
                NQuest = "IceSideQuest"
                NameMon = "Horned Warrior"
                CFrameQuest = CFrame.new(-6064.06885, 15.2422857, -4902.97852, 0.453972578, -0, -0.891015649, 0, 1, -0, 0.891015649, 0, 0.453972578)
                CFramemon = CFrame.new(-6314.92724609375, 32.51631546020508, -6002.9716796875)
                if getgenv().farm and (CFrameQuest.Position - game.Players.LocalPlayer.Character.HumanoidRootPart.Position).Magnitude > 1200 then
                    ByPass(CFrameQuest)
                end
            elseif Level == 1175 or Level <= 1199 then
                Mon = "Magma Ninja [Lv. 1175]"
                LQuest = 1
                NQuest = "FireSideQuest"
                NameMon = "Magma Ninja"
                CFrameQuest = CFrame.new(-5428.03174, 15.0622921, -5299.43457, -0.882952213, 0, 0.469463557, 0, 1, 0, -0.469463557, 0, -0.882952213)
                CFramemon = CFrame.new(-5465.013671875, 130.1513214111328, -5838.06884765625)
                if getgenv().farm and (CFrameQuest.Position - game.Players.LocalPlayer.Character.HumanoidRootPart.Position).Magnitude > 1200 then
                    ByPass(CFrameQuest)
                end
            elseif Level == 1200 or Level <= 1249 then
                Mon = "Lava Pirate [Lv. 1200]"
                LQuest = 2
                NQuest = "FireSideQuest"
                NameMon = "Lava Pirate"
                CFrameQuest = CFrame.new(-5428.03174, 15.0622921, -5299.43457, -0.882952213, 0, 0.469463557, 0, 1, 0, -0.469463557, 0, -0.882952213)
                CFramemon = CFrame.new(-5251.08544921875, 50.5064811706543, -4719.296875)
                if getgenv().farm and (CFrameQuest.Position - game.Players.LocalPlayer.Character.HumanoidRootPart.Position).Magnitude > 1200 then
                    ByPass(CFrameQuest)
                end
            elseif Level == 1250 or Level <= 1274 then
                Mon = "Ship Deckhand [Lv. 1250]"
                LQuest = 1
                NQuest = "ShipQuest1"
                NameMon = "Ship Deckhand"
                CFrameQuest = CFrame.new(1037.80127, 125.092171, 32911.6016)
                CFramemon = CFrame.new(640.0233764648438, 125.72512817382812, 32981.76171875)         
                if getgenv().farm and (CFrameQuest.Position - game.Players.LocalPlayer.Character.HumanoidRootPart.Position).Magnitude > 1200 then
                    ByPass(CFrameQuest)
                end
            elseif Level == 1275 or Level <= 1299 then
                Mon = "Ship Engineer [Lv. 1275]"
                LQuest = 2
                NQuest = "ShipQuest1"
                NameMon = "Ship Engineer"
                CFrameQuest = CFrame.new(1037.80127, 125.092171, 32911.6016) 
                CFramemon = CFrame.new(916.8641357421875, 43.5400276184082, 32781.0234375)  
                if getgenv().farm and (CFrameQuest.Position - game.Players.LocalPlayer.Character.HumanoidRootPart.Position).Magnitude > 1200 then
                    ByPass(CFrameQuest)
                end             
            elseif Level == 1300 or Level <= 1324 then
                Mon = "Ship Steward [Lv. 1300]"
                LQuest = 1
                NQuest = "ShipQuest2"
                NameMon = "Ship Steward"
                CFrameQuest = CFrame.new(968.80957, 125.092171, 33244.125)
                CFramemon = CFrame.new(920.375732421875, 129.552001953125, 33441.21875)         
                if getgenv().farm and (CFrameQuest.Position - game.Players.LocalPlayer.Character.HumanoidRootPart.Position).Magnitude > 1200 then
                    ByPass(CFrameQuest)
                end
            elseif Level == 1325 or Level <= 1349 then
                Mon = "Ship Officer [Lv. 1325]"
                LQuest = 2
                NQuest = "ShipQuest2"
                NameMon = "Ship Officer"
                CFrameQuest = CFrame.new(968.80957, 125.092171, 33244.125)
                CFramemon = CFrame.new(639.2978515625, 181.14512634277344, 33306.28515625)
                if getgenv().farm and (CFrameQuest.Position - game.Players.LocalPlayer.Character.HumanoidRootPart.Position).Magnitude > 1200 then
                    ByPass(CFrameQuest)
                end
            elseif Level == 1350 or Level <= 1374 then
                Mon = "Arctic Warrior [Lv. 1350]"
                LQuest = 1
                NQuest = "FrostQuest"
                NameMon = "Arctic Warrior"
                CFrameQuest = CFrame.new(5667.6582, 26.7997818, -6486.08984, -0.933587909, 0, -0.358349502, 0, 1, 0, 0.358349502, 0, -0.933587909)
                CFramemon = CFrame.new(6095.54296875, 28.36317253112793, -6239.02685546875)
                if getgenv().farm and (CFrameQuest.Position - game.Players.LocalPlayer.Character.HumanoidRootPart.Position).Magnitude > 1200 then
                    ByPass(CFrameQuest)
                end
            elseif Level == 1375 or Level <= 1424 then
                Mon = "Snow Lurker [Lv. 1375]"
                LQuest = 2
                NQuest = "FrostQuest"
                NameMon = "Snow Lurker"
                CFrameQuest = CFrame.new(5667.6582, 26.7997818, -6486.08984, -0.933587909, 0, -0.358349502, 0, 1, 0, 0.358349502, 0, -0.933587909)
                CFramemon = CFrame.new(5519.1904296875, 60.51692199707031, -6829.9326171875)
                if getgenv().farm and (CFrameQuest.Position - game.Players.LocalPlayer.Character.HumanoidRootPart.Position).Magnitude > 1200 then
                    ByPass(CFrameQuest)
                end
            elseif Level == 1425 or Level <= 1449 then
                Mon = "Sea Soldier [Lv. 1425]"
                LQuest = 1
                NQuest = "ForgottenQuest"
                NameMon = "Sea Soldier"
                CFrameQuest = CFrame.new(-3054.44458, 235.544281, -10142.8193, 0.990270376, -0, -0.13915664, 0, 1, -0, 0.13915664, 0, 0.990270376)
                CFramemon = CFrame.new(-3236.376708984375, 64.34226989746094, -9733.05078125)
                if getgenv().farm and (CFrameQuest.Position - game.Players.LocalPlayer.Character.HumanoidRootPart.Position).Magnitude > 1200 then
                    ByPass(CFrameQuest)
                end
            elseif Level >= 1450 then
                Mon = "Water Fighter [Lv. 1450]"
                LQuest = 2
                NQuest = "ForgottenQuest"
                NameMon = "Water Fighter"
                CFrameQuest = CFrame.new(-3054.44458, 235.544281, -10142.8193, 0.990270376, -0, -0.13915664, 0, 1, -0, 0.13915664, 0, 0.990270376)
                CFramemon = CFrame.new(-3268.175537109375, 298.6604919433594, -10550.9599609375)
                if getgenv().farm and (CFrameQuest.Position - game.Players.LocalPlayer.Character.HumanoidRootPart.Position).Magnitude > 1200 then
                    ByPass(CFrameQuest)
                end
            end
        elseif W3 then
            if Level == 1500 or Level <= 1524 then
                Mon = "Pirate Millionaire [Lv. 1500]"
                LQuest = 1
                NQuest = "PiratePortQuest"
                NameMon = "Pirate Millionaire"
                CFrameQuest = CFrame.new(-290.074677, 42.9034653, 5581.58984, 0.965929627, -0, -0.258804798, 0, 1, -0, 0.258804798, 0, 0.965929627)
                CFramemon = CFrame.new(-521.0215454101562, 61.0096549987793, 5546.3740234375)
                if getgenv().farm and (CFrameQuest.Position - game.Players.LocalPlayer.Character.HumanoidRootPart.Position).Magnitude > 1200 then
                    ByPass(CFrameQuest)
                end
            elseif Level == 1525 or Level <= 1574 then
                Mon = "Pistol Billionaire [Lv. 1525]"
                LQuest = 2
                NQuest = "PiratePortQuest"
                NameMon = "Pistol Billionaire"
                CFrameQuest = CFrame.new(-290.074677, 42.9034653, 5581.58984, 0.965929627, -0, -0.258804798, 0, 1, -0, 0.258804798, 0, 0.965929627)
                CFramemon = CFrame.new(-283.1584167480469, 129.15762329101562, 5987.52294921875)
                if getgenv().farm and (CFrameQuest.Position - game.Players.LocalPlayer.Character.HumanoidRootPart.Position).Magnitude > 1200 then
                    ByPass(CFrameQuest)
                end
            elseif Level == 1575 or Level <= 1599 then
                Mon = "Dragon Crew Warrior [Lv. 1575]"
                LQuest = 1
                NQuest = "AmazonQuest"
                NameMon = "Dragon Crew Warrior"
                CFrameQuest = CFrame.new(5832.83594, 51.6806107, -1101.51563, 0.898790359, -0, -0.438378751, 0, 1, -0, 0.438378751, 0, 0.898790359)
                CFramemon = CFrame.new(6517.7001953125, 51.49229431152344, -959.3108520507812)
                if getgenv().farm and (CFrameQuest.Position - game.Players.LocalPlayer.Character.HumanoidRootPart.Position).Magnitude > 1200 then
                    ByPass(CFrameQuest)
                end
            elseif Level == 1600 or Level <= 1624 then 
                Mon = "Dragon Crew Archer [Lv. 1600]"
                NQuest = "AmazonQuest"
                LQuest = 2
                NameMon = "Dragon Crew Archer"
                CFrameQuest = CFrame.new(5833.1147460938, 51.60498046875, -1103.0693359375)
                CFramemon = CFrame.new(6684.0859375, 378.3859558105469, 323.9324645996094)
                if getgenv().farm and (CFrameQuest.Position - game.Players.LocalPlayer.Character.HumanoidRootPart.Position).Magnitude > 1200 then
                    ByPass(CFrameQuest)
                end
            elseif Level == 1625 or Level <= 1649 then
                Mon = "Female Islander [Lv. 1625]"
                NQuest = "AmazonQuest2"
                LQuest = 1
                NameMon = "Female Islander"
                CFrameQuest = CFrame.new(5446.8793945313, 601.62945556641, 749.45672607422)
                CFramemon = CFrame.new(5558.93310546875, 764.2176513671875, 760.17578125)
                if getgenv().farm and (CFrameQuest.Position - game.Players.LocalPlayer.Character.HumanoidRootPart.Position).Magnitude > 1200 then
                    ByPass(CFrameQuest)
                end
            elseif Level == 1650 or Level <= 1699 then 
                Mon = "Giant Islander [Lv. 1650]"
                NQuest = "AmazonQuest2"
                LQuest = 2
                NameMon = "Giant Islander"
                CFrameQuest = CFrame.new(5446.8793945313, 601.62945556641, 749.45672607422)
                CFramemon = CFrame.new(4842.30078125, 632.253662109375, -271.97900390625)
                if getgenv().farm and (CFrameQuest.Position - game.Players.LocalPlayer.Character.HumanoidRootPart.Position).Magnitude > 1200 then
                    ByPass(CFrameQuest)
                end
            elseif Level == 1700 or Level <= 1724 then
                Mon = "Marine Commodore [Lv. 1700]"
                LQuest = 1
                NQuest = "MarineTreeIsland"
                NameMon = "Marine Commodore"
                CFrameQuest = CFrame.new(2180.54126, 27.8156815, -6741.5498, -0.965929747, 0, 0.258804798, 0, 1, 0, -0.258804798, 0, -0.965929747)
                CFramemon = CFrame.new(2301.28076171875, 73.13015747070312, -7177.0107421875)
                if getgenv().farm and (CFrameQuest.Position - game.Players.LocalPlayer.Character.HumanoidRootPart.Position).Magnitude > 1200 then
                    ByPass(CFrameQuest)
                end
            elseif Level == 1725 or Level <= 1774 then
                Mon = "Marine Rear Admiral [Lv. 1725]"
                NameMon = "Marine Rear Admiral"
                NQuest = "MarineTreeIsland"
                LQuest = 2
                CFrameQuest = CFrame.new(2179.98828125, 28.731239318848, -6740.0551757813)
                CFramemon = CFrame.new(3669.8388671875, 160.5200653076172, -7035.29052734375)
                if getgenv().farm and (CFrameQuest.Position - game.Players.LocalPlayer.Character.HumanoidRootPart.Position).Magnitude > 1200 then
                    ByPass(CFrameQuest)
                end
            elseif Level == 1775 or Level <= 1799 then
                Mon = "Fishman Raider [Lv. 1775]"
                LQuest = 1
                NQuest = "DeepForestIsland3"
                NameMon = "Fishman Raider"
                CFrameQuest = CFrame.new(-10581.6563, 330.872955, -8761.18652, -0.882952213, 0, 0.469463557, 0, 1, 0, -0.469463557, 0, -0.882952213)
                CFramemon = CFrame.new(-10424.107421875, 331.7586364746094, -8374.6435546875)   
                if getgenv().farm and (CFrameQuest.Position - game.Players.LocalPlayer.Character.HumanoidRootPart.Position).Magnitude > 1200 then
                    ByPass(CFrameQuest)
                end
            elseif Level == 1800 or Level <= 1824 then
                Mon = "Fishman Captain [Lv. 1800]"
                LQuest = 2
                NQuest = "DeepForestIsland3"
                NameMon = "Fishman Captain"
                CFrameQuest = CFrame.new(-10581.6563, 330.872955, -8761.18652, -0.882952213, 0, 0.469463557, 0, 1, 0, -0.469463557, 0, -0.882952213) 
                CFramemon = CFrame.new(-10974.2626953125, 331.7586364746094, -8972.0419921875)  
                if getgenv().farm and (CFrameQuest.Position - game.Players.LocalPlayer.Character.HumanoidRootPart.Position).Magnitude > 1200 then
                    ByPass(CFrameQuest)
                end
            elseif Level == 1825 or Level <= 1849 then
                Mon = "Forest Pirate [Lv. 1825]"
                LQuest = 1
                NQuest = "DeepForestIsland"
                NameMon = "Forest Pirate"
                CFrameQuest = CFrame.new(-13234.04, 331.488495, -7625.40137, 0.707134247, -0, -0.707079291, 0, 1, -0, 0.707079291, 0, 0.707134247)
                CFramemon = CFrame.new(-13512.380859375, 375.72705078125, -7887.423828125)
                if getgenv().farm and (CFrameQuest.Position - game.Players.LocalPlayer.Character.HumanoidRootPart.Position).Magnitude > 1200 then
                    ByPass(CFrameQuest)
                end
